
1005002996686981
1005004570319495
1005002963141042
1005003021907666
33009362956
4000738369066
1005002877784675
32844949571
32827819950
1005003663570841
4001211457018
1005004708596092
1005003999657789
32923668853
1005002722026137
1005003991026144
1005003505842026
4000787955491
1005004350472527
1005001371788788
1005003939803483
1005001290899412
1005003937703560
1005002341859249
1005004795032035
1005004502747646
1005004378497544
1005003890849945
1005001625368387
1005003974345499
10000004455767
1005001704130765
4001254840709
1005003528521111
1005002713287441
1005004234789577
1005001356939102
1005002246014076
1005003404869267
1005004181427064
4000515496886
4000231126430
1005001288496850
1005004664636050
33060743877
1005003968273320
1005001678982203
1005004865930049
1005003296990504
1005005246244195
1005002252986494
32822380822
32920400386
1005005266067123
1005003766834683
1005002495418076
1005004539649985
1005003535674123
1005004070641287
1005004613453950
1005005218235290
1005001720999495
1005005284332909
4000121137691
1005004377147024
4000416599794
1005002294953839
1005004779431500
1005002762368118
4000599106019
32897384425
1005004772015749
1005002841762021
1005004978935032
1005001952881609
1005004338394479
1005003473512193
32799631316
1005004653792160
4001213979166
1005004145772077
32849204840
1005004589618422
1005001470392660
1005004468517777
1005004247874775
1005004200196557
1005004082663551
1005004912779231
1005005239354563
1005005005568878
1005004697726486
4000166569879
1005004424520700
1005004179563315
1005005071860922
1005005079177077
1005004719406242
1005003234369007
1005005218378150
32844528467
1005004799097075
1005004109649457
1005005407053120
1005005286907426
1005003303228997
1005005277389872
4001186169598
1005004613534115
1005004248010524
1005003188364981
1005004988692162
1005003690990261
1005004671391413
1005003887868937
1005002751996670
1005005070369555
32643959063
1005005045176753
32854272485
1005003058333582
1005004124999466
1005004412629432
33050645779
1005004417390282
4001038187065
1005003190920326
1005003428508246
1005003427627475
1005003233949412
1005002717989582
1005003882810345
1005004152991388
1005004699132653
1005003906326505
1005001804779141
4000377889839
1005002945143219
33010456702
1005004313677588
1005004671140518
1005001482379557
1005003716928751
32848757254
1005001471023816
1005004106153823
1005002702020306
1005005389014482
1005003705644682
1005002788949875
1005003663921646
32913523894
1005004808685060
32869167622
1005005091603769
1005005199950753
32594669990
1005004033648457
1005004124025486
1005004541119687
1005003133039486
1005004246673937
1005002393383230
1005004309219388
4000112136941
1005004384637733
1005003330512508
1005002611119919
1005005432071405
1005002836591456
1005004077569502
32989198978
1005002996406693
1005004484216589
32873336254
1005002561902575
33019328087
1005004634279753
1005004310237635
1005003341990089
1005004578047939
1005004297139665
1005004200105571
1005003325590454
32622701145
1005004865212446
1005003156330501
4000013896756
4001271578320
1005004217324522
1005004973991879
32995118348
1005005024030084
1005004247163131
1005004394146597
1005002238847457
1005004811327311
1005003111053862
32980071102
1005003430549296
1005003717509462
1005001393645495
1005002652537251
1005002782821776
32985880896
1005002565157474
1005003735753913
1005002544970798
32814742946
1005002557739437
1005003891165399
1005004508450917
32999012291
1005004067021587
33005669129
1005001304650259
1005004808790092
1005003243619691
32738593742
1005002488408174
4000772326322
1005003144014695
4001283485973
1005004683913816
32798377085
1005004897048505
1005004592190001
1005004579497111
1005004379787472
1005004960027627
32912047302
1005003499098490
4000424844384
32850212085
1005001413029342
1005003923144780
4001228514273
32949154723
32912784431
1005003937020032
1005004856347655
1005002026804430
1005003082938422
1005004071952830
1005005318761406
1005005358098440
1005004638961418
1005004697717611
4000452578507
33003043346
1005002516856966
1005003951393963
1005003998061247
1005004667829164
4000047523734
1005004326094722
4000302898088
1005004871523690
1005004845463853
32867185520
1005005373178233
4000098175842
32862054196
1005003184854044
1005001452275288
1005003307627755
4000517358958
1005002702708392
1005004242217931
32994124055
1005003755010604
4000002550009
32427071841
1005004054489852
4001132048140
1005005104790128
1005005162831070
1005004690427415
1005005389125662
1005001395121646
1005005282449504
1005002716539622
1005003463210126
4000226825173
4000468855207
1005004291766426
1005004708502046
1005005007957085
32854426446
1005003356606745
4001158802732
1005003243704410
1005004234124287
1005005422422148
1005003923924762
1005001286673593
1005004163809536
32937037406
1005002754599304
4000262713438
1005004564098835
1005004669309748
1005003640503262
1005002912067466
1005004604232186
1005002943845800
1005004511021592
1005004797781528
1005004063659317
32947823503
1005003233458854
1005001479615403
1005001479615403
1005004557506839
1005004299131193
1005003432296316
1005003730691791
1005004024989969
1005003440447180
10000084163768
1005004148632833
1005004634144856
1005003214880064
1005003769578036
1005004316507178
1005003663326321
1005002276655894
4001344116858
4000232626580
1005004771545916
33017492972
1005002574637521
1005005111358019
1005003245276447
32947696035
32905902905
1005004444511045
33022731979
1005003748475357
1005005035398369
1005001874038735
1005004586555587
1005004883692942
1005003817749896
1005002877762380
1005004014028058
1005003687258936
1005001942597926
32919091920
1005003143888724
4000259691043
1005002393961498
1553339255
32858571340
1005001704260524
33038381947
1005004594181880
1005004538856905
32839828357
1005002784315095
1005003296982261
1005003203495369
1005002483536542
1005003150740214
1005004320454186
1005001770992106
1005004289659192
4000786377816
1005003435146769
1005004615606195
1005005305874679
1005005145659687
1005004109997131
1005005458087936
1005002347264517
1005003984511213
1005004899462768
1005003175955423
1005005609758001
1005004068740340
4001042982524
1005004570307031
1005004245320875
1005003974513332
1005004000133165
1005004488936819
32793637420
1005004419387486
1005003478108972
1005003891870384
1005002788652467
4000549835282
33021602760
4000063293902
4000774355016
1005001860844919
1005004501058306
1005002879828760
33063575869
1005004281711584
1005002821827385
1005003091468348
1005002882920526
1005003980683553
1005004453914822
1005004410216898
1005004941048642
1005005025953156
1005001901621090
32906645302
1005005161804906
32796017250
1005005209417511
1005004429098524
1005004436084238
1005004290524001
4000206795082
1005003182433754
1005004397035701
32807222980
1005005137905512
32907903884
1005004761423636
32709402488
4000736288482
1005004198069158
1005003330074888
1005005072622674
1005005071160717
1005004374130897
1005003462233952
1005004401927486
4000013170859
1005004281805253
1005005051024723
1005004735452873
1005004348358882
32796684648
1005002755440002
1005005291279657
1005005212531565
1005002583040160
1005005079672137
1005003329642361
1005004587844800
1005004382548991
1005004909081604
1005004299995853
1005004404134301
1005001968544248
1005004865363200
4000591852565
1005004032816750
1005004557608306
4000890188296
1005003817457255
4000532048525
1005001608346900
1005003124152084
1005001632995414
1005004119361097
33029762675
32869429841
1005002508232660
32858203014
1005004413444621
1005004271802532
4001203563258
1005004154074863
1005004040052691
1005002830155231
32829368108
1005001599221192
1005004917784729
1005003956593264
1005003601532015
1005003922389775
4001099054658
1005003303560376
1005003651368763
1005002059305747
4000333374271
1005001809136086
1005002969981802
1005004217470859
1005004607114771
1005003848008192
1005005418832158
1005004523436808
1005001762487966
1005004767259080
1005004920930673
4000336654682
1005004783841617
1005004069495373
1005004833432383
1005005256439985
1005003991142289
33044541267
32959006596
1005002287030786
1005004337611042
1005002317857807
1005002387848844
1005003787287305
1005005204762796
1005004651926579
1005005238163198
1005001880763174
32835381267
1005004514990123
1005005216603581
1005004398668374
1005001873530391
32918757698
1005005367966299
1005004517174160
4000298616538
1005004757122889
1005003051062254
1005005073734053
1005003114883717
1005004831239235
1005005461165027
1005004505570983
1005002009551805
1005004942762599
1005004121045908
1005005292806361
1005005561857331
1005004887251857
1005003888942480
1005003316964628
1005003281873531
1005004191417532
1005003740849863
1005005016488445
1005001526135721
1005004125866871
1005005058524559
1005005334620604
4000760651747
1005004596420331
1005004176710777
1005003698069623
1005005122206838
1005004843903694
1005004320872093
1005002740496174
1005004942516563
1005004309435570
1005005080380994
1005003802037180
1005003970080650
1005004861029978
1005004681930205
1005003069225799
1005005038169710
1005002984949126
32913129083
1005001999586010
1005005270350680
1005005005201542
33052646326
1005001972618769
33006660743
1005005136762943
1005004612617758
1005005102723085
1005005315652040
1005004446391888
1005005249418193
1005001666566525
33013194431
33061491952
1005004674806380
1005001425057803
1005002843028033
4000726951367
1005003076246245
33012467709
32885077265
32221847893
1005004229422058
1005004782419585
1005005517690477
1005003791251427
1005004550971647
32861584341
1005002659532975
1005005118607658
2034024967
1005004542176416
32701434168
1005004464409551
32848280554
32841971125
1005004009297074
1005004987919693
4001257951554
4000248687748
1005005473029406
1005003774635542
32837531788
1005003600484589
1005004873418018
32893866970
1005004069641528
32850104853
1005005600867622
1005004929087778
1005004446950748
1005005498229407
1005005034126715
1005005881390128
1005005371221059
1005005721051309
1005005034949966
4000068366226
33030147844
1005003228256375
32324197325
1005004511838637
4000873002515
1005003249391446
1005003283006824
1005002686595946
1005003357015460
1005003026982978
32714214526
1005002905958867
1005004574262564
32788956350
1005003012450118
1005001581286599
1005003191463232
4000051445654
1005004576506813
1005001770598299
1005002989440561
1005004003822632
1005002954313714
32891263815
1005004123550936
4001003491246
1005004032254990
4000876479453
1005002822777299
1005002978828903
1005004378284956
1005002599044494
1005004310954386
1005004216673386
1005004247360069
32796201640
1005004928781343
1005003770905614
32961506894
1005004720724935
1005002741309085
1005004646496142
1005003913266321
1005003875188833
1005005088829781
32998566627
4000239442316
1005005143820774
1005005279251264
32822644181
1005001651962682
1005003413007888
32824728348
4000184306556
4001034019917
1005005037875608
1005002629184386
4000096580585
1005003997765575
1005004617162141
1005002346110376
1005003036412394
1005005005262024
1005004675927572
1005002843298810
1005005301357110
33000036324
1005004794947283
32959179208
1005004711377544
1005004980316563
1005002651559815
1005004277296827
1005003287068240
33042634596
1005003080086090
1005003052113791
1005004701981764
1005004853861640
1005004459158254
1005002773203975
1005004587315538
1005004313791693
33032800582
1005003658812597
1005002682274342
4001098655148
1005004428799351
4001045305634
1005004798422736
1005003664831042
1005004815230431
1005004814910531
1005004033088792
1005004615331601
4001300102857
1005003766980758
1005005142186139
4000018750482
1005005282579621
32712666263
32574071208
4001057665212
1005004564762434
4000120993927
32992229856
1005003183694929
1005004772017241
1005004127330697
1005004892293407
1005004173925777
4000434063292
1005004250804749
1005005297453392
1005004791914527
1005002941243725
32964661321
1005004305522042
1005003637177212
4000124087552
1005005288230357
1005005191492277
1005003552575372
1005003776934889
1005001606096156
1005005339179263
1005003725255493
1005002905347582
1005004478685155
32993228133
1005004771906714
1005004589354430
1005001514444380
1005003039221761
1005001836027135
1005004840089446
1005003373894078
1005005104986597
1005003592081937
1005004158236840
1005005099850442
32998973516
1005001393934245
1005004250993699
1005003908539493
32886714016
1005004388265595
1005004309528570
1005004352092083
1005004832317790
4000133476895
1005003162826638
32793138654
4000388693194
1005002797850769
4000544626697
1005004033504728
1005003804167616
4000715668451
1005005008724957
1005004323888841
1005005417025704
1005005470749341
1005005128105709
1005004246516097
4001313988006
1005003918786027
1005001972368703
4000296156288
1005003744871364
4001197281676
1005005367650844
1005004848920883
4000585455780
1005005481667055
32846575153
32815976823
1005002940774341
1005004905411253
1005004671346281
4000977637537
1005005099745882
1005004507052873
1005003098991371
4001254625109
1005005193239360
1005005382841830
1005002798085509
1005005009878094
1005004277296827
1005003501343580
1005004847777484
1005002276869542
1005005099745882
4000832901472
32811446337
32839348911
1005001315908192
1005005620359505
1005004719053124
1005005741161456
1005001525755035
1005003097641205
32980896770
1005005187074971
1005005186111580
1005004832585517
1005004287860806
1005003917845068
1005005440184961
1005005658987480
1005004186375038
1005001685898208
1005001688605639
33056448402
32795714968
1005005030926531
33056432754
1005004037521474
1005004040543868
1005005094159526
1005004158410277
1005005676695887
1005003925931359
1005005051747074
1005005708861688
1005005576490606
1005005787822007
1005004984543934
4000350099672
32834260461
33057742919
1005004128702327
1005004404171676
1005003578810562
4001017870378
1005004812396364
1005005430452733
1005004750038076
1005004935566130
1005004661951263
1005003769192531
1005003375495284
1005004870074692
4001149313902
1005003293261354
1005003680066668
1005004870456218
1005003981707813
1005005104902024
32855476515
1005005861102912
1005005659442798
1005003938798477
1005005453602960
1005004134457009
1005002711431017
32999658519
1005005887011673
1005005529926537
1005002517389199
1005005944558686
1005001992591189
1005004471751963
4000478438293
1005004083566009
1005003080010707
1005004701351834
32687245121
1005005824494262
1005005994196299
1005003327465017
1005005253403275
1005006061239622
1005004801032513
1005005095834417
1005005640463945
32819054669
1005004068954050
1005004389747601
1005005209275995
1005006198316370
1005005449449581
1005001901687996
1005004858851970
1005005759389870
1005003888432332
1005005477084503
1005005915500918
1005006094743812
1005005743427897
1005005486612175
1005005247862613
1005005557998279
1005004732372351
1005004730403698
1005005262555203
1005005011717894
32910962121
1005004368713616
1005005382827677
1005004963007328
1005005021170166
1005004132462700
4000117942546
32658601855
1005003600522834
1005004545441830
1005004447843309
1005003585645141
1005005250502424
1005002081627907
1005004395106959
1005004937141311
1005005227036363
1005001704759101
1005003783772132
32914437675
33045290826
1005003585286022
32865922319
4000341086238
32492179456
32862741857
1005001469492275
1005003732076455
1005004515822039
1005004723302955
1005004337059880
1005004864158502
1005003809051747
1005003972356077
1005002719549801
1005005044530527
32991095580
33015602137
1005002368967708
1005004527869461
32951051773
1005004395115078
32822073964
1005005345750219
1005004693152526
1005003554473014
1005004603364037
1005004348064662
4000169911114
4001204136695
1005002988386265
1005003775801601
1005002085045302
1005005315782556
1005002709940931
1005004853658971
10000161651293
1005002754443688
1005003660698439
1005004129369636
1005005219042549
1005003350670142
1005003594198703
4000130679017
4001200124976
1005004000462504
1005004149571517
1005004695177946
1005003010714148
4001037598534
1005002466208842
1005004385937670
1005003639779722
1005001950752477
32586516997
1005004046234543
1005004763627714
1005004493989460
1005004662909877
1005003192560182
1005003258147708
4000561599266
1005002635276712
1005003707583235
1005004222812043
1005004195640335
1005003915834382
1005002440792987
1005004894135941
4001220608458
1005002557552412
1005005120272772
1005002003987215
1005004785563287
1005003813782937
1005003132238043
1005003688739728
4000110985735
1005004040201169
1005005382312429
32808999214
1005004679987794
1005004306953478
1005004218762030
32958699241
1005004402997410
1005003396319703
1005004736351076
1005005098763781
1005003810732566
1005003668815260
1005004658159855
1005002597817025
1005004256325310
1005002577292205
32654617298
1005004669575166
1005002648817603
4000292386788
1005001325210684
1005004638088639
1005004622019697
32948188067
1005003682198093
1005001417001245
32878573670
1005004755882537
33015267109
1005003610575368
32919916221
1005004762643462
1005004694619475
1005004091753632
1005003765455892
1005003505786500
4001197720506
1005003697703280
33039301012
1005003381982955
1005004226306475
1005004044657812
1005002252523056
1005003532314054
32861466190
1005005170661348
1005004398487283
1005004013469759
33037453566
1005004221244438
1005003443562911
1005004546890162
1005003076164161
1005003510745298
32780273539
1005003747985731
1005004813482101
1005003731649680
4000373674076
1005003162823122
4001132232456
1005004765026108
1005004101317904
1005002388685848
1005004958158954
1005004716065939
32844244124
33023823983
1005002791532088
1005005392782696
4001085209058
1005003844603180
1005002121237057
1005004434104677
1005001269519032
1005004273493918
1005005275070074
1000007867523
33059746879
1005002855473413
1005004349541610
1005004239080046
1005001666826724
32376594467
1005003658063045
4000576456344
1005004771362864
4001259426986
1005003119438090
1005005288746610
32974706630
32819126861
32471327839
1005004491242588
4001036112260
1005004610418809
1005001516198552
33060562314
32777884467
1005002996069339
33020928351
1005004500630289
1005004541571547
1005004062484220
32650881057
4001040222779
1005004697116897
1005003357540685
1005005243612858
1005005191585685
1005004755334692
4000262242223
32957670476
1005003020772486
4000938508814
4001233158090
32885968584
1005004398005920
1005005339284696
1005002950941324
4000054814306
1005005297937209
1005004681746832
1005004937125665
1005004654609962
1005005141992464
1005003790634148
1005001968925075
4001285326384
4000021443316
1005004788431622
1005002029581651
32964223288
32795077945
1005004807357578
33004437589
1005001572315861
1005004883446743
1005003970840700
1005003574396121
1005003245612138
1005002961525398
1005004708691648
1005004123780300
1005002614699143
1005002882336987
1005003709181303
1005004883439309
1005003695676205
1005004270409543
1005002544764964
32956990970
1005001424771215
1005004561053076
1005005241769753
1005003400128118
4000035579668
1005004662551497
1005003626531805
1005003285103985
1005001914152834
32899137598
1005003402712564
1005001273269738
1005003242640095
4000610970618
1005004768394016
32663164315
1005004154133315
1005003555415262
1005004721145969
1005002997721436
33040388107
4001159913939
1005003192325569
1005001316689190
1005005319427592
1005004477265353
1005004582414134
1005005308150100
1005004946245368
1005005077665042
1005005058274381
1005004623053578
1005004896353266
1005003598904968
32963158537
1005005644467928
1005004159771992
1005005248724917
1005002110744677
1005002802910291
1005005171057827
1005001860448234
1005002632824662
1005003271421346
1005004401862337
32869702160
4001235727331
1005003172727538
1005004609085479
1005005384410113
4000761989309
4001231333820
32904933136
1005005366654290
4000498653308
1005004836382604
1005005363341306
1005005175743806
1005001994953327
1005004920174960
32833538600
1005004891576416
1005005492282734
33014744597
1005004072009960
1005003739700308
1005001397871613
1005005100256487
1005002523091075
1005004118754249
1005004252105514
1005004705571166
1005004886167432
1005003298196573
1005004988820434
1867878504
1005002468936124
1005003918874496
1005002992843215
1005005288305097
1005005166493124
1005004961609321
1005004015535342
33032612513
4000760651747
1005005083859135
32965288855
1005003395137028
1005005246458857
1005005185004131
1005001451673192
1005004205741755
1005003291618309
1005004867771931
1005001468359151
1005005558291105
1005004588144051
1005005095044428
1005005545237485
1005003140468774
1005002858100456
1005005062112182
32880609196
1005004135711761
1005004995004649
1005002715602900
1005004662275145
1005004982796263
1005004661422129
4000631747608
4001077318861
1005004493119940
1005005393002827
1005004869743511
1005005287780186
1005004277153812
1005005357662602
1005002441720618
1005004270250627
32901215740
1005004785319484
1005004946780351
1005003776555686
1005003451044263
1005005591697690
1005002751679905
1005005237010615
1005004096196276
32842594844
1005005269153710
4000380970266
1005004354338786
1005005292215167
4000050286838
1005005428520931
1005002104838177
1005001272868767
1005005161186664
1005004139492713
1005002964523046
1005003308168862
1005005029432305
4000803165887
1005001868466914
1005002505588229
1005003643176997
1005005335638672
4000532415262
1005005264810562
32812786079
32830711211
1005003989590039
1005002696227762
32966198955
1005002071302123
1005001895514942
1005005543770015
1005004629975828
1005004687184170
1005004153665507
1005003717247517
1005003289436186
4000473509189
1005003600416802
1005003269300471
1005003344701305
1005005904390848
1005005900873105
1005005501382512
1005005506251051
1005002147336295
1005004501904596
1005001704338452
1005003469276520
1005005905528217
1005003835313262
1005003518803981
4000159094693
1005004493156394
1005001638433771
1005003264694263
1005004373374421
4000874524905
1005003938557064
1005004581207230
4000788224608
32852310000
1005004455934454
1005004323855998
1005004716214749
1005002395129166
1005001515493250
1005004603038791
1005003630965596
1005001461095254
4000160228054
32899557016
1005003647065959
4000333968161
1005004231724120
1005004583629788
1005003555608465
1005002406942752
4001283933332
1005005095432849
1005004332687196
1005004610725777
1005002412275808
1005004598131023
4000777890912
1005004522550565
4000762606390
1005003092901273
4001097882969
2044442346
1005001412141761
1005003229619738
1005002442924330
1005001694006299
1005004351891985
4000580719698
1005003984181079
1005004788707482
1005003646538047
1005003620441436
32826654029
4000194177028
1005003488685925
1005004149757620
1005003607029671
1005003818551873
1005001494521128
1005002925438186
1005005327003261
1005003381059508
1005004177180201
1005002420365229
32947406472
1005005204591313
1005004225204044
1005004612199591
1005004042085641
1005005088346478
32959318363
1005005324133801
1005004441211317
1005005073222226
1005005212716267
1005004176311727
1005005354214112
1005004016554315
1005001585590814
1005004678901976
1005004799220570
1005005256439985
32866679112
1005004482826868
1005001510927158
1005003144199270
1005003157452229
1005003784953391
1005004617176156
32836459369
4000066907734
1005005070175096
1005004542557899
1005002772494149
1005005299873935
1005002884880971
32873117205
4001358454415
1005005121710424
1005005137354924
1005003128909372
32807959483
1005002747666270
1005004614109016
1005005048727719
33027406540
1005004393088115
1005001899656102
32957326391
1005005347998157
4001241041712
32753927197
1005005601240963
1005005328717128
1005005045589411
1005005168138027
1005005237301497
33017005907
1005004984647529
1005004818598596
1005004767469034
1005003986553181
1005005038770883
1005005555913291
1005005056756916
32838656003
4000922454759
1005004556702274
1005003204237577
1005003042116064
1005004523348805
1005004761438322
1005004952180084
32916973246
32808240304
4000102663959
1005005416777783
1005005506327835
1005005377381800
1005002224790775
1005004557560888
1005005293036830
1005004073424032
1005003887931940
1005005009121788
1005004187305038
1005003518969585
1005003037749441
1005004999410057
1005002439981353
1005004022545073
1005003874972824
1005003683664461
4000226837278
1005005136826592
1005005005653252
1005003481059482
1005005222899777
1005001846658022
32796120688
1005003096577775
1005002490598772
1005003145020883
1005005399912936
32922857549
4000575532178
1005004444064330
1005003083129270
1005004830273479
1005003416888053
1005004208448630
1005005137204244
1005004370438931
1005003657140738
1005005285606680
1005005068678925
32715537768
1005001831247388
1005005688517896
4001227697309
1005005292074776
32981675905
1005003324543617
1005004929613111
1005005537007223
1005001426482967
1005005345545673
4000894551861
1005005424720927
1005004741176040
1005003400288025
1005003692499698
1005005125761855
32299834723
32974730044
1005002075608195
32719292009
4000795102417
1005005833922721
4001158998492
1005006022909933
1005005565589538
1005005726226767
1005005815846587
32869344675
1005005876244804
1005005031027193
1005005657473523
32948196452
4000954730462
1005002628711101
1005005263064184
1005002712013220
1005005823156790
1005005832459431
1005006039851687
1005005937007496
1005003474824789
1005004217257401
1005004608732304
1005003246564856
1005003795078788
1005004669392698
1005001303151803
1005005947830986
32859395752
1005005363464738
1005003745266387
1005005608305268
1005003161482510
1005005955587399
1005005413520770
1005005961867663
1005005720868291
1005004988277843
1005005406896577
1005004205669245
1005003898291717
1005004321887653
1005004489031513
1005004305552516
1005004573295921
1005004670829441
4000396010711
1005003973403114
1005004795639261
1005002784042553
32842948357
1005001323186327
1005002229495957
32842112089
32996606226
1005002980106648
32924388909
1005004460821497
1005004103930943
1005001572604127
1779966295
1005004736532737
1005003701615507
1005005281164604
1005003750474940
1005002912018800
4000670436037
1005002939520148
1005004101578591
1005005064234101
1005004407196602
32974785191
1005005344633709
1005003299543101
1005004272907002
1005002964661142
1005003479485324
1005002973237713
33064283200
1005004206459006
1005003661126964
1005001295389930
1005002636047319
1005003697206865
1005001340855028
1005001872926640
1005004323219299
32977683278
1005003255084021
1005004752515482
1005004683742470
4000452871519
1005004250090209
1005004685821487
1005002186327950
1005003039427011
1005004784840280
1005002623724353
32910049052
1005004172142353
4001242828690
1005003331256476
1005002306767733
1005003453301045
1005005384898628
4000180333387
4001355035867
1005003961349117
1005003495719134
1005001516165684
4000019316713
1005004720427721
1005004971570270
1005003081835173
4000118063939
1005005245823860
1005004932877260
1005003803199753
32898155116
33030569414
1005002347265155
4001248781403
1005003987006672
4001143633098
4001272330487
33041973384
4000021998370
1005002372436814
4000127674166
1005002554116296
4000119076717
4000824268098
1005003534274527
1005001371036188
1005004378400224
1005002322666947
1005003842947973
1005004139652342
32857095571
1005004684556331
1005003429282018
2049621591
1005004987139842
1005004532217815
1005004557383220
1005001652223721
4000016154162
1005003989471389
1005004256394593
1005004957614957
33039025108
1005004650032356
1005003692148973
32946996263
1005004791399491
1005002622708986
1005004815500907
32980130698
1005004319521955
1005001995570885
1005005350293023
1005003599722059
32919441542
33055848742
1737387907
1005004900287227
1005002551858668
1005001343548150
1005005486206248
1005004412680043
1005005352724567
1005004256549448
4000249810504
4000419732542
1005005645427244
1005005237744637
33020097458
1005004527488878
1005004094436301
1005003745338401
33007654755
1005002903941900
1005004018255907
1005004639283558
1005003616084634
1005005542756230
1005005424526683
4001279214092
1005005584328805
32842779387
1005002537871119
32600950053
1005003378580412
1005002561248781
1005004216732997
1005004092262783
32972795265
1005005170619909
1005004489383022
1005005219029971
1005001334911333
1005004905337643
1005001750570374
10000009153169
1005004564396792
1005002946599023
1005004614588508
1005005284817648
32331689177
1005005187345105
1005004152723337
1005005111944863
1005005084049610
1005003489501915
4001221429277
1005005240403581
10000002450075
1005004301692133
1005001444923294
1005001923255325
1005005065091634
1005003533552463
4000648157335
1005005050170650
1005004531554230
1005005121126786
1005004688129491
1005002337038298
1005004841330113
1005005253226758
1005004858994229
1005003086905685
1005005061770468
1005003033184332
1005005302550746
1005004432110511
32965253606
1005005294560101
1005001671240368
1005002495352064
1005004953224382
32981098867
1005002198597032
1005003608746688
32871858843
1005002264504711
1005003979872063
1005001967969621
1005003923639091
1005004608466648
1005005496827992
1005004765954096
1005001518277803
1005005506699418
1005004189243025
1005004845615053
1005004149584915
1005004795309934
32961448693
1005005191236189
32872172687
1005003663525163
32874847837
1005004421421383
1005005610340987
1005004067833854
1005001375551668
1005004341255930
1005005057606283
1005004360146809
1005005539727174
1005003259503352
1005003753635328
1005001297889913
1005005035485801
1005005104826138
1005005014773811
1005005205076438
1005004262985969
1005001462436531
1005001585375969
1005005586771208
1005005379944743
1005005357913631
1005004982825689
1005005012554010
32789797981
1005003221501512
1005004313475151
1005003686974889
1005003219810201
32905776528
32869750516
1005001453351828
1005004166210813
1005002682560793
1005005212688031
32922571385
1005004526738396
1005003780167500
4001210572981
4001233346344
32921127444
1005003033403308
1005005535152659
1005005671111577
1005005134207006
1005004748586440
1005005121370660
32962023284
1005004416640773
32932720906
1005002513920919
1005005162077741
4000554409167
32951929075
1005004094967535
1005004317281762
1005005661676915
1005003343124226
1005005892038870
32919199129
1005005081685017
1005005564802380
1005005387200291
1005003446431144
1005002564239251
1649270854
4000897946507
1005004280768922
32917430002
4000514750451
1005003974655212
1005003719317486
1005004300919758
1005004180810840
1005004276032097
1005004330207699
4000137207059
32464723812
4000076063966
4000124059069
1005004673389032
1005003223405082
1005003793110760
1005004152934020
1005001518827983
1005004070014227
4001271539791
1005002958730353
1005004477436858
1005004252197932
4000899121079
32946918767
1005003760322133
1005003159027897
1005002245447416
1005001694197050
1005003924583380
4000364814771
1005001883756965
1005003868379152
4000481825403
32964361428
1005003154428986
395189211
1005002219348428
1005003162163909
1005001299225972
1005002904497437
1005002959567337
1005004084987200
1005005191914688
1005002822795051
4001333987381
1005002058704428
33050422142
1005004665639379
1005003324924015
32966672960
33025711438
32624670924
1005005139596293
1005004642912358
4000154467811
32869633849
1005004673468802
1005005096630651
1005005078391942
1005003903990121
1005005108579075
32890177865
1005004851508999
1005004792163655
1005004791580177
1005003775935366
1005002671688568
1005004329386591
4000042941151
32960999076
1005001948524575
1005004337611042
1005003616687367
1005001608606602
1005003764766149
4000124874301
1005005304048322
1005005043110442
4000067629017
4000588523472
4000965056505
1005002703914964
1005004585807926
1005004313095323
1005003431184424
1005001695343891
1005001447261165
1005005357005852
33015721564
1005004721489486
1005001454580555
1005004942673019
1005005140375050
1005004936892133
32756066814
1005003196039896
1005003389420010
1005001995551679
1005005355533345
1005004921703653
1005002263632288
1005005019615146
1005005253739419
1005004586878501
1005005639939103
32921355213
1005003519050614
1005004333341229
32907881923
1005004670001987
1005004617853133
1005002885277296
1005004945367752
1005005044188489
1005005321006260
1005004840042366
1005004100812619
1005002847616407
1005004717345538
1005003133617227
1005001458378171
1005003404924850
1005004144673749
1005005810521012
1005004526992484
33015832886
1005005139096194
1005004677430423
1005005523278153
1005003238808915
1005003883676604
1005005275105008
1005001619455067
32716852642
1005005849485647
1005003950550777
1005004618556724
1005001470769342
1005004933906571
1005005107322780
4000032199100
1005005082018522
1005001831701184
1005005050735341
32996233808
4001068456183
33019678391
1005004325345539
1005004933006943
1005002340894815
1005005560746601
33013707575
4001142863195
4000174409822
33008859524
1005001602333450
1005004829609532
1005002130332208
1005004834099198
1005004469538660
1005005207410841
1005003629703667
1005004386834166
1005004906088280
1005002931545769
1000003686098
1005004016554315
4000546135097
1005003083765860
1005003154688472
1005005398413595
1005005110514255
1005005439769144
1005005346413611
32953487108
1005003212361388
32824876502
1005004847301659
1005005398159700
1005004012174827
1005004296840110
4000238456599
1005004387596228
1005005189675909
4001090664133
1005001839996799
1005003612668417
1005004885623706
1005004862904304
1005005558491125
1005005494658479
1005005444054811
1005003299876800
32910795999
1005004411839764
33009982670
1005003558809021
1005005011789775
1005004852316794
1005004638953074
4000843276585
1005005413810251
1005001280052793
1005002982662858
1005004309374072
1005004841895092
1005003474799423
4001142231743
1005005266198230
1005004870117239
32819783734
1005003692762803
1005005820832921
1005005416317915
1005004131901319
1005005761313900
1005004711817884
1005005334285953
1005005073375935
1005005430027931
1005005849220932
1005005556989968
1005005473802007
1005005395991651
1005005187779819
1005004991142744
1005005890948966
1005005026267423
1005005232801972
1005005909926122
1005005363014030
1005003818762127
1005004605699832
1005005966452422
1005003141033641
1005002350807882
1005005800353947
1005005581033408
1005003088196838
1005005842715226
1005006057947459
1005002298651593
4000844105938
1005005121578838
32862361772
1005001628954886
1005003305220750
1005006089874793
1005005667987238
1005005781273762
1005003851085544
1005005297857021
1005005122267745
1005003751143222
1005006056465366
1005003516340796
1005004300402101
1005004951300689
32964188628
4001108441000
33024173958
1005002991373642
32757588867
4001204637097
1005002058684262
4000244106163
1005003733272065
1005001462071235
1005005251840292
1005004973593462
32290339855
1005004620581149
1005004479355200
1005002179376261
1005002431333970
1005003795758554
1005005279883877
1005004139425733
1005005068844983
1005004403858004
1005001321926817
1005003671239049
1005003368884535
33009577357
1005003724495612
4000662842482
1005001304966226
1005003633120086
32958262782
32914913958
4001099235607
1005004708621131
1005004448825353
1005004482069778
1005003804058233
1005003031713582
1005002998269916
1005001929005794
1005001270166954
32858888800
1005003829420208
32629039235
1005002804050729
32955120855
1005003401529200
1005003999554944
32987049873
1005001558497557
1005003701018572
1005003280610681
1005005079268055
32869424916
1005002119250319
32957223195
1005002426746466
33050062436
1005001804906219
1005001561696626
1005002129198810
1005003719639617
1005003638965143
1005002179447443
1005003124327816
1005002341586923
1005003140685107
4001322374068
1005004480992416
1005003551541428
1005003651852937
1005003319359534
4001220998107
1005001310924928
1005004494119996
4000935741826
4001252527950
1005002716644570
1005003381696381
1005002625853887
1005002631533318
1005001923993572
1005004560400729
1005004418672080
1005005343162094
32846842021
1005002633403989
1005004002596201
4000035578424
1005002959398579
1005004924264906
1005003033172203
1005003188394789
1005003309581184
32851305696
4000776341635
4000082587163
1005002583569018
32751537418
1005003467524980
1005003667807557
33006650018
1005004564609525
1005004560392302
1005002213627651
1005004683597621
1005003241059307
1005001290866685
1005004046458445
1005004280642204
1005003396338427
1005003884447133
1005004447620785
1005004449533783
32865975493
1005003408358109
1005003531989799
1005003172522732
1005003951150904
1005003697498511
1005005262962229
1005004158032076
1005003752731558
4000035298532
1005004164254246
32994000097
33004035444
1005005195495984
1005004843330338
1005001409606259
4000035277593
1005004191052395
1005003252631496
32810881967
1005003762107558
1005003004962752
1005004983134373
1005004795883787
1005005308645678
32899634469
1005004523594721
32734627850
1005001965277917
32805603378
32881331776
32972881518
1005004604163576
32948447582
1005004721073759
32716154079
1005003069255425
1005004728616269
4001083610980
1005003190850440
4000164016694
1005004729372384
1005004949479271
1005003021989924
32796090254
1005004536299047
1005004564335705
1005003626879810
32899320841
4000076022221
1005005170358407
1005002021587721
1005004476094657
1005004334294368
1005004643926918
1005004832828393
1005004811504054
1005004407558962
1005003382375245
1005002613239607
1005003022686698
1005004935406847
1005005141947347
1005004541252535
1005005762553863
1005004434159663
1005004995736658
1005005391397201
1005004637358222
1005003534345269
1005004671330065
1005005485186644
1005003912677573
4000351371302
1005004799793551
1005004148087071
1005004916897449
1005005128020444
1005004663084479
1005004011585525
1005003792933122
33009629182
1005004144938577
1005005310485059
1005001864242124
1005005600703849
1005005260405652
1005005354054359
1005004417304386
1005005111897307
1005004937868011
1005005256682510
4000850000697
1005002865518086
1005004252488014
1005004314674917
1005004982703086
1005004790863581
4000509872797
1005005051202293
1005004437458136
1005005398846952
1005004153759637
1005004957098595
1005002399680324
33033378493
1005003474923747
1005002050576326
1005004929156494
1005003030875368
1005004787971125
1005003318514557
1005004639246352
1005004705465955
1005004513986536
1005005246613476
1005004795165457
1005004996249587
32961169254
1005002090317536
1005004060305704
1005003501919307
1005005393538301
1005004848047987
1005005260924333
4000874778134
1005005254235568
1005002672387174
1005004470124505
1005002982437616
1005001807765951
1005004958402009
1005004893046441
1005004725103363
1005003453051371
33016660135
1005005086730588
1005004129092828
1005005314302826
1005001606277709
1005004590199821
1005003954700449
1005004833847849
1005005216546192
1005005106894554
1005001776540082
4000980917074
1005004713353057
33027929236
1005005495722491
4001028400248
1005003402003680
1005003245632329
1005004775305454
1005003065853952
1005005028147601
1005003322420015
1005005073154659
1005005180745359
1005005533999750
1005004926779444
1005004670609622
1005005213173007
1005004052629218
1005001995003985
1005005364046589
1005004981701135
4000203694275
1005001758256332
32961387037
1005003187712084
1005005496431848
1005003329964934
1005005488994199
1005004505920769
1005005466784138
1005003986362551
1005004478993375
1005004078667005
1005004626170342
1005005373031220
1005004859137574
1005004587620135
1005003606778583
4000511987311
1005005536880680
1005004659387704
1005005264979233
1005001869335879
1005005558922765
1005004306912640
1005002242261679
1005001572040885
1005001906665966
1005004334852469
1005004317105844
1005002039194251
1005005806764157
1005004895490130
1005005825263178
33012959253
1005005189216611
1005003333992709
1005005467637763
1005003955855879
32818481846
1005005326952109
1005003435810730
1005004384431298
32971320989
1005005851868500
1005005634009951
1005004046550151
1005005013296444
1005005489133266
32849917929
4001197943865
1005001967158323
1005003595482307
1005004584782411
1005003423714801
32915797976
1005004776081438
4000990255613
1005004319772274
1005003800233194
1005001565049625
1005003711898499
1005003633476110
4001075915778
1005002821101680
1005004556815168
1005001510887816
1005003691302480
1005004447548036
1005004578285512
1005003489609546
1005002783143911
1005003939496110
1005003596672865
1005004351800142
1005003320222243
32918665328
1005004823490851
1005002272435148
4000433072303
1005004971871409
1005004707117249
1005003721638693
1005004411896378
1005005170642318
32838729215
1000007799935
4000775514883
1005004860475635
1005001565506507
4000314559149
1005004320044458
33035197109
1005004182990445
33058924640
1005004349909269
1005002697028167
1005001676478010
1005005143820774
1005004886326118
1005002828107170
1005004688846084
1005003269725538
1005002932114693
1005004310212203
4000339946265
33001551014
4000029725675
1005003799767591
1005003494339043
4000346214195
1005001671240368
1005004766635520
1005005412512196
1005004410597368
1005005358148017
32791906773
1005004095786092
1005004812648489
4000601905601
1005001942015931
1005003189004477
1005003973871988
1005003091400161
1005004574963626
1005004009235104
1005003070409142
4000124520501
1005003809205739
32593210960
33029856680
1005005386426875
1005004912686702
4000220771030
1005003274710882
1005004226148109
32951917972
1005003816646880
1005004321801171
32964899476
4000114676007
4000510362578
1005004838170876
1005005401053135
1005004266069855
1005004349755097
1005004641738312
4000939755745
1005004937678017
32975790382
1005005134852178
32457660751
1005004487472952
32804470835
1005004673676455
1005005057116194
1005004842138164
32878688977
1005001711192412
33029084317
1005005777007854
1005005448961234
1005005070468657
1005002926647616
1005005221161346
1005004418207197
1005002741467573
4000897220718
1005005195185651
1005004802024396
1005004211073993
1005005017707364
1005004762832539
1005005417687252
1005005509364608
1005005078318642
1005005691001356
1005005217147111
32818871064
1005004947278944
1005005441284791
1005005058459983
1005002662211217
1005005262153435
1005005327073144
1005002468255780
1005004626083851
4000769688088
1005003505156819
32895051715
1005002681134400
1005005673123725
1005001652198306
1005002677241641
1005005105366390
4000042665697
32967727002
1005005392315978
1005005443322726
1005004151308726
1005004697055239
1005003899478121
32830637018
4001279356533
1005004078495971
4000547647707
1005004300758425
4001263612164
1005002400037144
1005002989944443
4000126967326
1005001350752640
1005002768857352
1005004694580043
1005004019267890
1005004799030685
1005005130839712
4000159219509
1005004287280633
1005001304699403
1005003388019122
32642922162
1005004072481734
1005005590761405
1005005247956209
4000627316517
1005005699456881
1005005368724336
1005004159090691
1005005219335133
1005003267580950
1005003309313181
1005005526039820
1005005311165359
1005005644184915
4000677247436
1005004743881647
1005003683175206
1005003064490984
33003584639
1005001665153681
1005005237699993
1005005227007177
1005002836856725
32964954193
32891503382
1005003952754646
1005002377917243
1005005218710099
1005005260274606
32801995978
1005004100540018
1005005480949906
1005003727890043
1005005368779463
1005005553288449
1005005430261925
1005005570632604
1005005631994910
1005005207686576
1005005057163972
1005005527121244
1005003809756199
4000538145812
1005004469489495
32656632052
1005004926710954
4000384813196
1005004737683542
32695000367
1005003744712618
1005004359908491
32807045820
1005004030759567
1005005401587216
1005004544950942
1005004979897959
32812907812
32964568517
1005003890178753
1005005262669055
1005002869989068
32825432050
1005003279986026
1005005211141184
4000092528567
1005003347094745
32888028614
32995626117
32824968369
1005004069702207
1005005882387879
1005001349457657
1005005350832133
1005005015868525
1005005504865426
1005002866330305
32959583054
1005004182990873
4000204564689
1005005937748367
1005003604035887
1005004907921007
1005004556815709
1005004732186694
1005003796415203
1005004686860100
1005003357082841
1005005394613796
1005005758108453
1005005611246209
1005006030144896
4001129518181
1005004237956142
1005002341904721
1005004952193787
1005005609870379
1005002084688183
1005005426553106
1005005281396480
1005003405484795
1005004779766004
4000239403667
1005004305646303
4001090530001
4000317949525
1005003956933204
1005002345541363
4000455054888
32521332444
1005003017218743
4000922538756
1005005083829126
4001095710414
4001211985842
1005003845942064
1005002931410407
1005004389071355
1005003068981044
1005003991598993
1005003855349926
1005003445846875
1005003406585005
1005002797049351
1005003240241300
1005005131236759
1005003681892236
1005003313413596
32997922483
1005003136119268
1005004778814943
1005001793767468
1005004538541545
1005004627093238
1005004328816548
1005002056564875
32899634704
2049575606
1005002049385354
1005002840239858
1005003175793423
1005005116796619
1005002763705210
32845918805
1005003506368079
32842211788
32989237726
10000036671841
1005004103691770
1005004427690270
1005003707559308
1005004533288059
1005002933370845
2048152485
1005003263658723
1005004690405673
32799164758
1005005319036242
32986253536
4000257780431
32893842104
1005002669342692
1005003779436070
1005004726278134
1005004914301618
1005003282827919
1005004110789730
32943514751
1005004381449029
1005003572238298
4001244647141
1005005100458720
32965242049
1005004412856332
1005002915701763
1005002393818528
1005004655020074
1005005245985754
1005003745700020
1005003008948077
1005003343403588
2013572332
1005005100002037
1005003023754593
1005002613331102
1005004107663072
1005004560060379
4001281467755
1005004444646723
1005004412098467
32447657600
1005002617719124
1005003574293269
1005004431996252
1005003217979942
4000415801893
1005004929144375
1005003612260643
4000528917768
1005004505364687
1005002780582120
1005002494505073
32977618550
4000449481713
1005004252560917
1005003544807977
4000379027463
1005004634311017
4000796392993
33001770383
32963724067
1005002882814151
1005004226260865
1005005274004987
32776804598
4000161188584
1005004035293155
1005003496989650
1005002401956456
1005004046634685
1005005117358138
1005005150429874
1005004325951776
1005004581438996
4000910634251
1005004503102736
1005003670112304
1005003343040554
32869160589
1005005143563639
1005003986090952
1005003296464265
1005002758761549
1005004778650944
32821802659
4001196720586
1005004715377343
4000274456392
4001114816754
1005004651140275
1005004213286802
32919840632
1005003683004377
1005004478588648
1005004337895570
33063979227
1005004305385062
1005003321966366
1005004222614149
4001229842365
1005004543760437
1005001465337495
1005005585602228
1005005012423029
1005001973332765
1005003175653728
1005003698775638
1005004497899149
1005004857457525
1005005590943556
1005004686711845
1005005334420819
4001118369794
1005004408624852
1005004992086374
32848564534
1005004369657480
1005001286216781
1005004693760020
1005002525647005
1005004869849654
1005004030422793
1005004865822948
1005004228668636
1005003154966767
1005005004374980
1005004697641697
1005004234124287
1005005016255401
1005001734509422
4000061339959
1005001276475167
1005002285785206
1005004123273312
1005001489085019
1005003636090992
1005003309623061
1005004333543317
1005004942855505
1005004882648059
1005004992916087
1005003145010171
32698109476
4000644998628
1005005237667706
4001151091395
1005001558757301
32965439409
1005004709807390
1005003036629477
1005003368331975
1005002085698562
1005005033702835
1005005551411294
1005004042574754
1005004531187804
1005003218454554
1005003065589646
1005004690873172
1005004595444073
1005003144284047
1005004612050678
1005005195663829
1005004068968314
1005005594489788
32972320410
1005005047612048
1005005552170541
32899106079
1005003030224741
1005002044297320
1005005480211797
4000251135586
1005003463204094
1005004846078013
1005002306661493
1005002378073795
1005003505108235
1005005081374115
4001076294436
1005003721191284
1005005389246981
1005005549511160
1005004183006757
1005004337397200
33024446625
1005004552911290
1005004667395992
1005002356436916
1005002727317301
33043344649
32857166174
1005005532757508
4000517378767
1005004519385118
1005004944827773
1005004882383886
1005004757225927
1005004664899145
1005002442922237
1005004770160516
1005004068273007
1005003638711964
1005004192215012
1005005346384659
1005002459468922
4000465069710
32578008108
1005004699168013
1005005484645750
1005005190210334
1005003706927578
4000318355475
1005005495551629
1005004093798923
4000701337640
1005005409675865
1005005212593693
1005004995375493
1005005552417734
1005003131355304
1005003257206535
1005005302447904
1005001708972995
1005005702749758
1005002039015820
1005004940818259
1005004653857988
32642229890
1005005080874140
1005004487270907
1005005519972470
1005005641965931
1005004326974367
1005004328442783
1005004506731371
1005005721574266
1005001565506507
1005003750312363
32874401611
1005002826384553
1005004647635920
32703586871
1005004664922229
1005004328865715
1005005467127160
32841145494
1005002886946844
1005004775614338
1005005699443217
1005005184226711
1005003286121480
1005004625425975
32965180049
4001278847586
1005001868794750
1005005355890990
1005005114594795
1005005032820588
1005005373987144
32567986510
1005005690352160
1005004434335891
1005003569299727
1005005948804381
1005005350464544
1005005494882380
1005005636808242
1005004987721574
32952900142
1005004207864063
1005003375743111
1005003498611549
1005002502173358
4001240184270
1005001442705672
1005001810859930
1005002753708545
4000453112510
1005002830635521
1005002265074881
1005004266533819
1005002428720166
1005003745244042
32967382200
1005004495130097
1005004608978028
1005001844058923
32784049543
1005002478535479
32918357539
1005002160430444
1005003515171761
1005002864182641
1005001872563620
1005004359065266
32974097141
1005004187333407
1005003505126825
1005003106170236
4000538612915
1005001875351498
1005001580499783
1005004049156967
1005004447967116
1005001992904957
4000899922209
4000379965807
4001003372172
33014744597
1005004823061412
1005004909628332
1005004158428462
1005001976507498
1005004631749033
1005003774193747
1005004282094290
1005003474923747
1005004984414120
1005005145174729
1005004064177750
1005001425289279
4000916854084
32793930944
33021271799
32811648859
4001153971845
1005004846385132
32917144620
1005003153182079
4001297549527
1005004646777646
32953538303
1005004709864735
1005003631856554
1005004244827466
1005003464595515
1005005221827895
1005003201641296
1005003537455714
32963790574
32861974408
1005004645301739
4001298530891
1005004992535403
1005002948077860
1005004574546596
1005005266715516
32829159056
1005004052407002
4000277282336
4000118883296
32958343867
1005004007644637
4000138076165
1005003410573301
1005005270427258
1005004995812018
1005005039482515
1005004481737015
1005004297196716
1005003996764791
1005004569823880
1005002689210486
1005002932301257
1005001406693857
1005005094797651
1005004895082409
1005003727107613
1005003239942106
1005004737606866
1005004313953004
1005003950921869
1005004881938462
1005003696235305
1005004152583247
1005003907100625
32252293558
32695885172
1005003999335043
1005004854877533
4000192550228
1005002481314226
32835036293
1005003801567671
1005004969641883
1005005093554924
1005004705593759
32988086058
32962436678
4000687638877
1005003515874478
33040676789
1005004383428491
1005005188745662
33031191036
1005005773263723
1005005188941529
1005001632157062
32965198926
1005003760681385
1005004822426999
1005002362873744
32793629838
1005004355005681
1005003929974526
1005005071279479
33046808117
4000345274248
32860417449
32869988527
4000278338036
1005001545663103
1005004843521585
1005004677439566
1005003011021810
1005003166907378
1005004661697085
1005002666335933
32911455039
1005004319259861
1005001586625032
1005005205346379
1005002668009936
4000620047915
32857334531
4000497994423
4000954455853
1005003688455395
1005004860780547
1005003430861220
1005004096513611
32969088709
1005004306927213
4000151589337
1005004734312247
32823249494
4000404370531
1005005363983318
1005004355094966
1005004703752803
32824320268
1005003832221424
1005005296830264
1005002488208664
32930905729
1005003511172959
1005004004237372
1005002412137508
1005003202999772
1005004270914642
1005002372996476
32332601885
1005004570029929
32932272075
1005003193470678
4000848551090
1005005316960031
32957614547
1005004742400629
1005003473094216
32807517341
4000311360247
1005004403808424
4001242449619
32388065646
1005004749783407
1005005292003907
1005004733348575
1005003985979826
1005001493825754
32981807628
32739176503
4000337687994
4001152882547
1005004245494245
1005002016454516
1005003781659221
1005002489390587
1005003166143195
1005003788068381
32949444619
1005005211374835
1005001284528038
4000562667364
32968814887
32913153440
32843921964
32960274124
1005003712163592
1005002836318267
1005004324611508
4000710162080
32972985232
32893664418
1005004008003701
1005001520547169
1005003538026772
32844986117
1005004781985585
1005004685006750
1005003748909849
1005004795379384
1005003666984478
1005003955432686
1005004106443630
1005003410373691
1005003428857413
32947584655
1005003035970682
1005003456135765
32724191095
1005004531840538
1005004372318556
1005003327886471
1005004599140115
1005002772226248
1005004822083550
32818369545
32962031729
32841042667
4000772301161
1005005114732223
1005004581573890
32988975005
32840143938
1005004813943507
1005003016070860
1005004576807265
32861112939
1005005639159697
32947247681
1005004717217127
1005001503135227
1005005062603681
1005005575951467
1005005197989635
1005005608183867
1005003191134147
1005005249485666
1005004779589983
1005005514601543
1005004857202511
1005004101137349
32845617001
1005004967309684
1005003683040721
4001098599286
1005005250735256
1005004374718348
1005004945924000
1005005007305125
1005002282250466
1005004892709902
1005005471768160
4000511613627
1005002796663524
4001045842721
1005002632914960
1005003717238142
1005003787784148
4000098612822
1005003052288377
1005005260233676
1005003137722549
1005001900316023
1005004211372293
1005004663624786
10000362868833
1005004417156876
1005004627542715
1005005366166980
1005004911551411
1005003001626888
1005005060983254
1005004644492205
1005004457666344
1005004963570720
1005001445448822
1005001826817727
1005004374223605
1005002823185475
1005004883993930
1005002910879496
4000688289207
1005004398255431
1005004096576092
1005002964012613
32851709584
32955375615
1005005444361111
1005004429032690
1005005121275669
1005003712132183
1005003803236425
1005004708160054
1005002552733493
1005001344807306
1005002373042525
1005005388462849
1005003909273568
33022161381
1005002956893340
1005003506661959
1005003056782570
1005005159216968
1005003684718495
1005003642772209
32886922573
1005003505384144
1005004887150612
32892394630
1005004306086367
32996578690
32813510050
4001077942745
1005005325275249
4000241099730
1005003206431728
1005004243630318
1005004034352944
1005004289973450
1005005356714554
1005005486747409
1005005065479293
1005001552686430
1005005336424492
1005005293272516
1005005560147314
32637737580
1005004747817001
1005004924805184
4000353646456
4001251226115
1005004212197587
1005003986070398
1005003977569832
1005005562036250
1005004787765011
1005002978969765
4000778866633
1005005585962092
1005001457566376
1005002279409833
1005005501070324
1005005468072494
1005005210755263
1005004346025310
1005002592381482
1005003639584743
4000035832724
32814357171
32917583480
1005005271648345
32559100993
1005003404848515
1005005202869431
1005005306900323
1005004636008938
1005005358882901
1005001412915727
1005005570959107
1005004064322573
4000011103757
4000532866568
1005002709781180
1005005617339627
1005004992555340
1005002926278570
1005004364410357
1005002217649048
1005005786124079
1005003308313004
1005005250881246
33014000303
1005005380519708
4000360647754
32969408783
1005004675686157
1005005406873644
1005005481769780
1005003073296844
1005002546385235
1005005222182763
32968258376
1005005256283488
1005003327117728
1005004782003534
4000960789211
1005005592708986
1005001480118163
1005004280509565
1005001885380827
1005004303917729
1005005363069168
1005005183854308
1005005486848239
1005004595846625
1005002631127363
1093881360
1005005412309435
1005003469422985
1005005060620336
1005004622625007
1005004420722964
1005005217156425
1005005366549605
1005003760307751
1005005657908988
1005005544165534
1005005275493472
1005004701021035
1005003472120026
1005004527685265
1005004468671049
1005005428132944
1005005203829351
1005004056885874
1005005502194502
1005003918986145
1005001369273020
1005003352540927
1005001907294033
1005003157217684
1005003501614417
1005002797636082
32914767696
1005001808798483
1005004030846234
1005001698574390
1005001266952969
4000535031633
32875842899
1005003706498729
1005004295938303
1005004501970238
33005320467
1005003193267307
1005001998865400
4000167830562
1005004254348470
32952115475
1005002856441304
1005003334053501
32892394630
1005002885248013
1005004579441009
32965431070
1005004770274894
32806869579
1005004532263055
1005004850052561
4000208157135
1005003286317993
1005004151405201
1005004348239223
33063391370
1005003201002673
4000121318935
1005002873667847
1005004618363170
32989490586
1005003265696168
32973015473
1005001351519996
32950620850
1005005009538770
1005002011727785
32918779166
1005005543347970
32948691139
1005005269613953
32919626712
1005004638213115
1005004810944612
1005002358263683
32629148795
1005001345028460
1005004276384724
1005004822232480
32672648100
1005005240335648
1005001836130054
1005003724442098
1005004822114968
1005004623227554
1005003098047267
1005002689150890
1005005321416116
4001253328863
4000196734788
32771743000
1005004905269225
1005001900181879
1005005392871480
1005004744016357
1005005572211602
1005005277736250
4001294941597
1005004883365231
1005004742802157
1005004682619363
1005005262139628
1005004377891848
4001307825482
1005005297745615
1005003707871444
1005004671645260
1005004656868143
4001231016591
4000601521032
1005004299538951
1005005351131266
1005002448231021
1005005493297306
1005002661218851
1005004983790249
1005003738340536
1005002080824342
4000181887667
1005003991377967
33026752288
32765591128
4001112785008
4000824761939
32872857018
1005003990253546
1005004623515658
32673072678
1005004233750020
1005005388763395
1005004654049483
1005002072565374
4000763994312
1005002289367624
32958952995
32829275987
1005002911388488
1005005313364033
1005005239562161
4000359759360
32861410811
1005003971758250
1005004849471331
32998973555
1005004762896333
1005005538128384
1005004795340679
1005004886749912
1005004436500279
1005002063901479
1005004266497595
1005005386801874
1005005218811661
1005004063266193
1005002382330991
1005003490422097
1005005730754668
1005005474584730
4000891049775
1005005652286310
1005005616507488
4000988896234
1005004345641652
1005005535096309
1005003125681551
1005005139625635
4001161912621
1005004365230629
32965016459
4001090812080
4000323208167
1005004072801308
1005004072923503
1005004946923578
1005004954877522
32664912559
4000106970407
4000368383655
1005003984622061
1005004757287647
1005005438900958
1005002606939423
32841920225
1005005138622925
1005005104680069
32916755686
32913977102
1005004402214929
1005002427930916
1005005203688813
1005003130363094
1005004867619627
1005004951968491
1005003428802210
1005004618547147
1005005517911469
32746893791
32457696863
1005004562352257
32857222015
1005005458203518
4000785620021
1005003617549267
4000070928281
1005005221474688
1005002495746696
32835874988
1005002489337129
1005001374121316
1005002016926038
32652454203
1005004584507397
1005003529134376
1005003870312734
4000631077595
1005004301524140
1005004487371827
1005004708564002
1005004754990907
1005003901753771
1005005289236062
1005005372663378
1005004054768335
1005005529908506
1005003701566592
1005005458210700
1005005388293980
4001171066383
1005003435460557
1005004852581369
1005004468402367
1005005292888526
1005004853773249
1005004888021410
1005004107986741
1005005041955372
1005005118525501
1005004747747883
1005005247651116
4000372615720
1005005425431162
1005005507216749
1005002490705076
1005005496632413
4000203391297
1005005610812259
1005003727276264
10000209340890
32926205018
1005005413150403
1005005951254638
1005003989299734
1005004759617937
1005003286349387
1005004459601288
32578954936
1005005911010851
1005005952987242
1005004121499528
1005004717952066
1005005509755905
1005004761395723
1005004551190353
1005004599715393
32976515286
1005005901044292
32963732184
1005004835533396
1005005628207386
1005005344903527
1005005401394499
1005005631498492
1005005259123252
1005005849805463
4000333309207
1005005290769896
1005005536716335
1005005486869482
1005004980616242
1005003025942433
1005004848242446
1005005260775765
1005005397645523
1005005477814481
1005001708922115
1005004099604136
4001227351888
4001114400688
1005005497199716
1005004205592589
32857747008
1005005955921825
1005005034297638
1005004511051646
1005003511267256
1005005611530433
1005005066537444
1005006087914786
1005004508609333
1005005947162062
1005002906053777
1005004343556082
1005004101467024
1005003427793023
1005003041312146
1005003557444444
1005004242300912
1005004998171295
1005004224968898
1005005053247555
32812264664
1005004490876821
1005002775195277
4000274100019
1005002399289952
1005003182401740
4000961229673
32309133456
1005004387022122
1005004808900122
33037103732
1005003345397121
4000150521938
1005004000338786
1005002000185615
4000677577482
1005001873405446
1005004086946277
1005003423176625
1005004205275815
1005004109814436
1005005111643412
1005003505806145
32835658211
32968989268
4000192890149
1005004715945145
4000070994201
1005002640591181
1005004864949472
1005002358006036
1005004699385182
32870504388
1005003972892555
1005004971570055
1005002614151644
4000009837966
1005004370005353
1005003380517829
32855052237
1005004166755779
1005004523273535
1005001431408463
1005004255771518
32868686182
1005003570473672
4000439893930
32844596777
1005004268143217
1005004089491605
4000392759318
1005004239391607
1005004159380002
1005004957018471
1005004071442121
32770077559
1005005084572320
1005005408616375
32822685031
1659008266
4001299202888
4001043054255
1005004821561888
32951540790
33032875477
32869558869
4000245735900
4001093310955
1005001406926337
32845167779
4001296206363
1005003052745056
1005002564195834
1005004590961831
1005005387284877
1005004043866086
1005005049005053
1005004106761327
1005001845959626
1005003314783082
1005003583724172
1005004797166215
1005005391043781
1005003440578506
1005003654529403
32900844617
1005002689412294
1005003202579506
4001066964678
1005004879910921
1005004555637190
4000072156013
1005001887970417
1005003161924322
1005004289447389
1005003349888435
1005003494591933
1005002710016470
32804664747
1005001315772199
1005002645902011
1005004007935796
1005005115921822
1005004849401039
1005004269942511
1005004583994818
4001051909860
1005004745080002
1005004706767486
4000707114166
1005004111149300
1005003420082493
1005002851320317
1005001436375481
33001781230
1005004381448411
1005005133639792
1005003708560797
1005003202175653
1005003989536896
33019076927
1005004995990228
1005004930705553
10000005916484
1005003241156761
1005001354174291
4000569363471
32956028294
1005003266312040
1005004502133810
1005004892917975
1005004347039832
1005002723289111
1005004452280960
1005003356233643
1005001657820895
1005004528236468
1005005359368683
4000954674628
1005002559340278
32800606995
1005003439694766
1005001936763974
1005004144395395
1005004880838815
1005001394797182
4001109093307
32779612753
1005004505125102
1005005288947407
1005004942729196
1005005165100554
1005005157120696
32968299334
1005004470158291
1944426590
1005004246989012
1005002111595176
4001037882341
4001062144186
32832094731
1005004737924050
1005003996619569
1005002268610007
4001183262374
32979417325
1005004504910522
1005005191061142
4001119454633
1005004781351080
4000222746597
32915395126
1005004265205871
4001095065015
1005001459007268
1005005352004029
1005005239228375
1005002256692094
32419961744
1005001878335184
32999212895
1005004823547709
1005003327705058
1005004330009657
1005001555139351
32894220732
4000294545637
1005002508393176
1005004374379710
1005003368865674
4001094180212
1005003025449667
1005002197988625
1005002769654415
1005005111848182
1005005072811785
1005003180196198
1005005590930484
1005004428748238
1005002870164079
1005004330495380
1005005253624011
4001221211718
1005003548632949
1005004971850550
1005003158516951
1005004911433941
1005004972427225
1005004160574103
1005004993988504
1005004452117774
4000790064194
1005002997789125
33047098740
1005003251925567
1005003772323830
1005003820314146
1005003666978859
1005004728558251
32967015214
1005005382135545
1005004317142037
4000867174707
1005004370750729
1005004554932035
1005002812793291
1005004725210666
1005004455251469
1005001818193762
1005002892024821
1005004478242033
1005004476634386
1005002485691700
1005004349289985
1005005052010537
1005005111507969
1005003323996859
1005004835742156
1005005023424044
1005004711744284
32300933284
1005001900669787
1005003031419096
1005004924214592
32976047601
1005004728270032
1005002829995647
1005004319357976
33045090556
1005004293589773
4001313268486
1005004688990923
1005004481636564
1005003081002840
32951263483
1005002984694635
4000191896912
1005004858979469
32843399659
1005002676144868
1005005548121767
1005005472083715
1005004767073287
4000778063496
1005002761320300
1005003677851576
1005002907982452
4000070806006
1005002369359404
32967023810
1005003874980009
1005005033939313
4001186390789
1005003411731260
1005005095703060
1005002419383446
1005003449805659
1005003596535364
1005004319857217
1005004892089266
1005004759763780
1005005054259364
1005005236877887
1005004631145486
1005004979749300
1005005372445804
32993825789
1005005136156936
1005002979863738
1005005134039396
1005005133100238
1005005425205678
4000314068164
1005004527029023
4000552337201
1005004114512309
32726463765
33042385180
1005004971320486
4000181512615
1005005046752430
1005005114937940
1005003298604555
32836189588
4000493760490
1005004735058852
1005004689260287
1005004017341070
1005005131152973
1005004065510522
1005003748677257
1005004693016901
1005005580972388
1005002878474183
1005005348492654
1005002858666864
1005005530077197
1005003497290615
1005004186480563
1005005670300856
1005004348257584
1005004786481117
32872196391
4000051054060
1005004942250531
1005005571764395
1005005320615365
1005005236400246
1005003981791695
1005004744945477
1005002572607399
1005005016863222
1005005056537684
1005005459382492
1005005557066580
1005005628420551
1005001522206286
32758235648
1005004583249236
1005004861835388
1005004586670138
1005004223129792
1005005486394243
1005005394381860
1005005954939991
1005004500943362
1005003429121864
1005001426007538
1005004469579124
4000216574872
1005003451361558
4000381477740
1005004065158694
1005004309388385
32848585675
1005004434240860
1005002447816449
1005002181361566
1005004021037697
1005003157840895
1005001759132621
1005003191926930
1005003370182877
1005001732305472
1005004652876549
1005003263923299
1005001608493682
32966729867
4000525378331
1005003255842803
1005004650526288
1005003596253355
1005001619578651
1005003978911970
1005003682427125
1005003713763596
1005002029133514
1005004017447297
1005004107471444
32973487525
1005002073464913
1005004890678999
1005004773980684
1005004775788941
1005004800045573
4001034561344
1005003909158877
4000800016518
32951271624
32870232360
1005002383748966
1005003620000791
1005003887869567
1005002495652422
33053534023
1005004088031285
32819251068
1005002299362591
1005003978395340
1005005311037348
1005002572933412
32962604761
1005005266789165
1005003992819665
1005001309084492
1005005034507624
1005001368853234
1005004930675315
1005003124299893
1005004234269151
1005004379424242
32919712240
1005003776774902
1005004013091523
1005004121415279
1005001796772661
1005003020931643
1005004980417084
32992032013
1005001606517801
1005004348239223
1005004800520843
1005004178597198
1005003751374551
4000272680928
1005003150311959
1005002297629854
1005003517215056
4000315648859
1005003212953808
1005004239389910
1005004164375832
1005004271699725
1005004709403938
32911247854
1005005389097198
1005005320080799
1005002606972146
1005005249052098
1005004985880981
1005005213715891
1005002237611477
1005004392429563
1005004008560380
1005004837507382
1005002750000458
1005001677319481
1005001308220493
1005004674514886
1005003289223241
1005004580241057
1005004326435184
1005003357780492
1005002938965046
1005003803405900
1005004052691311
1005004835369687
1005004616539903
1005005530503764
1005005357107906
1005005282263149
32829240810
32912431251
1005004527936702
1005001871014373
32869667279
32798753771
4000404764984
1005004521094428
4000207710298
1005004459758727
32814008754
1005004282175061
1005004005864424
1005005565804314
1005004339899416
1005005313063506
1005004064799517
1005004793220404
1005005468789744
32715976690
1005004492113209
1005004741100214
1005004078323645
1005005539099632
1005003657710514
4001257468504
1005005073480405
32994660202
1005004722907538
1005005428469062
1005004838330815
1005003483478138
1005003890882409
1005002219597896
1005005313306353
1005004514793596
1005003211227859
4001018987103
1005005598072381
1005004797110305
1005004717216357
1005001831173924
1005005483011128
1005005216928704
4000504254565
1005005574319862
1005003082950801
1005004223580467
1005005495836310
32873169348
1005003095564084
1005005189567935
1005004148984670
1005004396640422
1005005477389619
1005003716579134
1005005342787854
32726463765
32966096028
1005003726890917
1005002440397478
32849330073
1005005471923370
1005005682961162
32791830857
1005003492670474
1005004888218719
1005005681101181
1005005253410144
1005002889656144
1005005303122349
1005002796465790
1005005178600995
32897171874
1005005265825635
33003385247
1005001625116636
1005004392548429
1005001665426364
1005002400720911
1005002081025415
4000018333803
1005005622135292
1005002488947924
1005005484769726
32966655028
1005004744571790
1005005562718283
4001314054336
1005004403628857
1005004186576386
1005003345265448
1005005032761269
4000370208235
1005005411953408
1005005552203842
1005005049869314
1005004447246704
1005004637702068
32683500927
1005004605512073
33042701121
33006396070
1005003389239777
1005004644181237
1005004933531962
1005004979839297
1005001863462723
1005005623766433
1005004662704375
1005005476138201
1005004129181790
1005005034302122
33028682240
1005005155338455
1005005417304635
32962341787
1005002060955491
32839910398
1005002277484185
32804657156
1005004869653304
1005002575940502
1005004990956392
1005001648807793
1005001966485397
1005005672553919
1005005679799439
1005005579564720
32858794019
1005005133606696
1005005068605659
1005005459411273
1005004838804202
1005001679802141
1005005472358780
1005003495231864
1005004950953220
1005003809517571
1005003016670813
32904713254
1005005261335608
1005005340135327
1005002938212337
33042546048
1005005024389225
1005005489045131
1005004144533648
1005003754287038
1005005584615541
1005004692981776
32794209757
1005005634061867
1005003084167272
4001141948278
1005005339409549
1005003717079264
32966191083
1005005363502747
1005004987209661
1005004203204828
4001351808951
1005002667986844
1005005335841756
4000836345852
1005004968599772
4001193108878
1005003330266138
1005005217149688
10000330966083
1005005848691978
1005005787691285
32966254273
1005005316345926
1005004374639896
1005005704033542
1005004546011237
1005004958017410
1005003308126687
1005004412291192
1005005043499735
1005004524571591
1005005236487138
1005005445164448
1005005759360076
1005005808882225
1005005841270241
1005005825370637
1005005428708231
1005005486470809
1005003746062549
1005006166040369
1005002989480763
1005005902625212
1005005600843445
1005001298778900
1005005653646333
1005005893811513
1005005716683589
1005005170679911
32898456171
1005005516006184
1005004134734655
1005005468148176
1005005288124427
1005005296813320
1005005351806423
1005003611522822
1005003585781960
1005006073261275
1005001571358227
1005003418015348
1005005320286549
1005003994560652
32850258652
1005003239466337
1005005086291022
1005002737469391
1005003952060476
1005003677441802
1005002906643693
1005003406483733
1005003298400394
1005004845363430
1005005101256030
1005003836684577
1005004917650627
1005003406050150
1005002546638860
1005004805665976
32919236545
1005004552032008
1005002954075434
1005004872947042
1005004011641229
1005004635437299
4000253334630
1005004880046332
4000282813572
1005003707839718
1005004729926280
1005004477230709
33001636959
1005003489473390
4000033386224
32969708859
1005004210229989
1005004337528385
1005004995938628
1005004955664103
1005005023330997
994454346
4000449565150
1005004995966257
4001314871309
1005004427395360
1005004134401230
1005003303767586
1005005016621361
1005004869641912
1005004752241823
4001115096538
1005003379644776
1005003498021257
4000116029508
1005004630563263
1005003952677109
10000066556044
1005004368912426
1005002085301394
1005004013147163
4001205457875
32260617942
1005001398530795
32864479889
1005004865299815
1005003868566825
4001047701389
1005002380424896
1005004643175581
32821434136
1005004876982662
1005004973470363
1005003224324570
1005004494259940
1005001508416275
1005004161271430
1005004331581671
1005004718901787
1005004029352458
1005005182244717
1005005196611039
1005003012411181
1005002925934498
1005004036577931
1005005262748414
1005002388724768
1005004237649577
1005003419614241
1005004302448282
1005004097436105
4001106362293
1005003520641121
1005003692734705
32850400462
1005004325027174
32855425353
1005004274978548
1005003118005826
1005003633295171
1005004028459901
1005005124292551
1005001700309370
32962755651
4001231670157
32858826655
1005004543595552
32829098956
32951779666
4000151296195
1005004456236988
1005002388539959
1005003968277571
1005002978716771
1005004867205563
1005003910871050
1005003402817811
1005005115969128
1005004741522595
33016785645
1005004835709429
1005004188628082
1005004054196596
1005004035193594
32797413889
1005005319225282
1005004216709910
4000370121383
1005002921027026
1005004862897492
1005004831329358
1005002490799060
1005003866141943
1005004347078731
1005001899621031
1005004946923578
1005002245776336
1005002060184318
1005002481382949
1005004795558763
32967358872
32575739534
1005004300911796
32995472548
33023354609
1005001639364859
1005004723280333
1005004033827967
1005004701381526
4000212150468
4001049421760
1005003242420434
4000195122347
32347315615
1005001750149584
1005003463309971
1005004515842021
32622446817
1005004505317300
1005002586666599
1005004319875213
33052712630
4000865432170
1005003700482860
32982683130
1005004141436991
4000618021396
32729978499
1005004268484325
32793504891
32682511177
1005005079585765
1005003803967687
32971007004
1005004674612711
1005003609019692
1005004833451857
1005004289800252
1005003088163744
1005001327725068
1005004748168143
1005003039461328
1005003119240108
1005004708850581
32258809776
4001080832621
1005004865451628
1005003722447586
1005004590790681
32319592418
32935985730
1005002387138174
1005003443880787
1005001854133402
1005004958252826
1005002284123715
1005004768763602
1005002753144910
1005005041659003
1005003201007177
1005003993999145
1005003591394556
1005005084171295
1005005363647999
1005004165062151
4001143426993
1005002813964409
1005004680848647
32792246163
1005003096266909
1005002589670860
1005004714529280
1005003072232809
1005004338241821
1005004136960581
1005003753998394
1005001682987974
1005003826034239
1005005623372179
4000637505951
1005005325666484
1005005364823382
1005005223392458
1005002339168258
1005005219161383
1005002835124526
1005005277366749
4000184128822
4001251344315
1005001985367277
1005005357181627
4001308043132
1005005385064932
1005004630355478
1005005428806342
1005003634843417
1005004840935463
1005004503813780
1005005215770189
1005005230516827
1005004980600563
1005002114337640
1005003081707937
1005001322166102
1005003832205507
1005004591360757
1005005050477121
1005003329737678
1005001801309163
1005002048709266
1005004225060605
1005004482155512
1005004744013606
1005005343501237
4000529622324
1005005270152390
1005002325107086
4001200489372
1005001841827728
1005004571264119
1005004638046958
1005005399117599
1005005542623692
10000395416612
1005004992208344
1005003920038796
1005003190640623
1005004848568458
1005005284778442
1005004412730246
1005004836268637
1005004231311447
1005004181052634
1005004810627264
1005002715074522
4000768086605
32981919760
1005003400849857
32893962285
32970619496
1005004589642921
1005002466392321
1005005394061626
1005004890956465
1005004098542132
1005002559183144
1005004295104527
1005004229406563
1005002363770771
1005005305832466
1005004607402845
32954799077
1005005157866592
1005005228024649
1005003593453741
1005001495879464
1005005310324996
1005004018871419
1005003718242074
1005004388218820
32919533683
32996558457
1005005272834770
1005002331751669
1005004808617146
1005004385768127
4000263408067
1005003323006471
32917173765
1005004530445688
32957672458
1005005396001074
33035310389
1005004655768651
32847961535
1005004920804063
1005003360297503
1005004771418089
1005003836706808
1005001514230404
4001345781547
1005003600696908
1005004148114656
1005004631516718
1005002554684754
1005004302778537
1005004493476361
4001045316629
1005003672651792
1005004794394614
1005004127425454
1005003177803968
1005003042321444
4001177956276
1005003721999241
33027746414
32842356451
1005004143816277
1811544511
32863561479
1005003804342309
1005004421276217
1005005083520046
32868278334
1005001705151665
1005003050909948
32543335851
1005003131868691
4000392399584
1005005049881079
1005004592314359
1005005354256816
1005001317311564
1005004689568208
1005005141586050
1005002481029002
1005005271705513
1005005477512896
1005005543571678
1005005222774437
1005005030765556
1005004427606609
1005002899043981
1005004488951753
32868283693
1005001666482579
1005002780909476
1005005389262952
1005004752336670
1005002744976539
1005005303632432
1005004432429359
1005001602323475
1005005164554511
1005002576871453
1005004635544254
1005005543368638
1005004558445210
1005004093533665
1005005195068321
1005002426618242
1005004321101108
1005004305188151
1005004995965038
1005005102982196
4000789933350
1005004477338779
1005005137091810
1005004826115508
1005002417085356
1005004373421031
1005004284854533
32823216851
1005005593732477
1005005434276320
1005004980777957
1005005095597089
1005002577338198
1005003168467806
1005005397560998
1005003422941286
1005003027366411
1005005556396804
1005003730763748
1005004590119402
1005004623182992
1005005012215668
1005005297717938
1005004250741153
4000424075020
4000065936335
4000687890425
32882714812
1005005215112741
32872212156
4000592823923
1005001748576489
1005003426170829
1005004938695001
1005003051597012
1005004464792417
1005004864895479
1005004810930767
32848684157
1005002604056761
1005004055699357
1005005006083620
1005004696374476
1005002570938509
4000844483978
1005002959260128
32872168822
1005004895577153
1005004468247902
4001115817175
1005005077175432
1005003904598932
1005004036296161
32809809180
1005003977874384
1005002876114303
1005003891636204
1005003973031902
1005004634898274
33040498418
1005003122821389
1005004864953480
1005005073429285
1005005187092478
1005001803056868
1005004980404139
4001186630685
1005005378404348
1005001902285907
32953964961
1005004320079961
4000149488262
1005005328213955
1005005546911393
1005004910586393
1005004536867177
1005005033823227
1005004921830869
1005004999282156
1005004908767493
1005004212964242
1005004832625551
1005004433673677
1005005295169076
1005004966698365
1005002545019598
1005002798941522
32919200952
4001124797975
1005004840181817
33027692871
1005004436153560
32890057619
1005005029973369
1005004833824187
4000362687940
1005003276696041
1005005807915015
1005004861903642
1005002840027481
1005004032269216
1005005499004808
1005004235760113
1005005797797440
1005005335758477
1005004765902327
1005005290909445
1005003788729461
1005005110418076
1005004114709832
32740059469
32789186182
1005001612187904
1005005715132366
1005005523257102
1005005083365223
1005001450837252
1005003765619821
1005005454002630
1005005499799346
32970975586
1005003994959632
4001100162403
4000300247748
4000826783282
1005003207854667
1005001351008744
1005002836536007
1005003314908680
1005004801234072
1005004246196974
4000322394069
1005003401154579
1005003812137705
1005002002733611
1005003505282502
1005004308876313
4000693591688
1005002910776516
1005001411679913
1005004767287134
1005001810366531
1005004742313572
1005003069732901
4001127593522
1005003558823733
4000601838332
1005002849842060
1005003258185344
1005004386689248
32994992035
1005003483905765
1005003732373789
4000519732654
1005002980484996
1005003839978890
1005004685967667
1005004662813583
1005004971887109
1005004752936253
1005003913603147
1005002116519577
1005005130895703
4000049378003
1005004648101148
32819446460
1005003754454837
1005003853002856
1005004080300166
1005004724575821
1005003738152436
32884869672
32890652640
1005005210011711
1005001923251757
1005003857149689
1005004282810549
1005004177892472
1005004736924059
1005004953274882
1005002081204088
1005003319056246
1005003420864489
1005005231613058
1005004844811188
32765680361
33007404640
1005003297906351
1005005080912829
1005003985183975
1005005335385524
1000003695074
1005005276112129
1005004613612569
1005004337263939
1005003458922209
1005004833046419
1005004523793516
1005004288452622
1005004823935784
1005002920243773
1005004596841724
1005001593497553
1005005122771764
1005002946694944
1005002387524511
1005004802802035
1005004064610662
1005004019044456
4000012254609
1005003860198640
1005003861674471
32790162534
1005004920780878
1005002019123112
1005001709121671
4000183542732
32796005209
1005005020124700
1005004451683736
1005004885700767
1005004862040639
1005004757586176
1005003792091749
32979662318
1005001998300488
1005004644460955
32880586696
1005003095289591
1005003711896272
1005003136963768
1005002459123126
4001226568862
32834659186
32955060429
32829894869
1005004557452975
1005003238739936
1005004178576202
4000743520751
32872701976
1005003463250405
32852191886
4001171962432
1005004958612085
1005003095910726
1005003325737461
10000025201756
1005002098798343
1005004716446686
1005004825449170
1005005276907492
1005004216522179
4000149648287
32932687323
1005004869769638
1005004761627591
1005004957237515
32879904886
1005004155522903
1005003150377851
1005004590218373
1005005117643044
1005005187864685
1005004639365741
1005003858467356
1005002604205606
33003775075
4000066679535
1005004383025109
4000336538567
1005002337245394
32961590351
1005003617893161
1005004618749824
32920408180
1005004837846265
1005004526619949
1005003775595900
1005005035215494
32948973857
1005004182731464
1005005306925757
1005005120793066
1005002554697621
1005001836130054
1005003068804995
33014353733
1005002474215849
33035104609
1005005138072561
1005001268760761
32968959403
1005003358272556
32726335064
1005004779334326
1005005029470020
1005002775051948
1005005273056540
1005002669823934
32968141168
1005003989128016
1005003148787685
1005005462815108
1005005481617880
1005003538795542
32901331641
1005005010473316
1005005297758401
4000337533587
1005004613612569
1005005308166562
1005005472454913
1005003251858145
1005004855800718
1005003211349501
4000086863408
32759796118
1005005068171736
4000701322073
1005004863303602
1005005128298289
1005004227248625
32623104511
1005004181624869
1005005381048776
1005005006552478
1005004138793352
1005004874569875
1005005103955324
1005004642582211
1005004767073287
1005004876318670
1005005182954903
1005004123254431
1005003533798181
1005005296041646
33060067614
1005005286429651
1005005128679346
1005004100428026
4001101676096
1005004267866916
1005005417870641
1005004848337575
1005004187227246
1005005065131756
1005003663841018
1005005342475463
1005001612698626
1005005262410290
1005005426845055
1005005146937428
1005004841120219
4000742890045
1005004896032535
1005005541144909
32884123411
1005003575641238
4000979589012
1005004862408698
1005004405284278
1005004464938797
1005005321559889
1005003560555279
1005005210120302
4000157680116
1005004158460610
1005002672744042
1005004575708566
1005004655806533
4001286968853
1005003581341747
1005002734130718
1005005089315240
1005005247862068
1005005303158738
1005004069170177
1005005159739931
1005003057724030
1005003490540552
4000853636414
1005003713268550
1005005262135191
32801426504
1005001756909962
1005004695819053
1005005418139152
1005004295408350
33028922449
1005005704653778
1005002588313835
1005005485328919
1005004251095980
1005005536418963
1005005196566847
33056253916
1005003697019003
1005005363251410
1005004694116895
4000895494155
4000354893528
1005005771769898
1005003740052581
1005005489307302
33044991358
1005001266871302
32963888353
1005002598616293
4000263160625
1005001741862795
1005003415259029
1005004107764294
1005001864398400
1005002330679546
4000768095872
1005003298581711
32807267263
32974604542
1005003330575077
1005004463446561
4000058659174
1005003256053939
1005003611885744
1005004289572820
4001039755381
32863934562
1005004377525231
1005003098825413
1005002524444712
32986247235
1005004659711250
1005001748139941
4000074755952
10000007048670
4001201861166
1005003196512662
1005002995304605
4000319370744
1005004698414533
1005004058890313
1005004309204989
1005001787961384
1005004704945297
1005003746031181
32823920431
4001271493376
32836091131
4000174508730
1005001855645717
1005001710264082
32800132921
1005004817780523
1005003687740167
1005004328462103
1005004779334326
1005004042132889
1005003821917557
1005003242438689
4001111906618
1005003495787067
4000033041586
1005005214236653
1005004505183231
1005003923473136
1005005274897729
1005003259165265
1005004646886241
1005001607816551
4000309993032
1005004513961432
1005004149833347
1005004592377007
1005004222391251
1005005052704494
1005004883883225
4000160704962
1005003121842224
1005004762979221
1005004709638103
1005003624749712
1005001839877692
1005004848603455
32993251171
1005005186890196
1005003750977560
1005003184293337
1005004427321005
1005003133556742
4001205487967
1005004683340203
1005001658537951
1005003084024301
1005001869331591
1005005033619987
1005001725794411
1005005219420621
1005005450139813
1005005300528235
1005004197581003
32550892016
1005005122033932
1005002039361700
1005005367907337
32990755425
4000463842279
1005004136908168
1005003653789922
1005002224732891
1005002425342730
33044975280
1005003676956930
1005004343031443
1005004058870507
1005004689424254
1005005373409443
1005003341003849
32866156706
1005005003347135
1005005433489166
1005003441227422
4000803925335
1005003510409473
1005003532330588
1005002649197059
1005003678385957
1005004795962439
4001257759843
1005004029044308
1005005449890549
1005005454280975
32868500188
32855687208
1005004753998680
1005004694561795
1005005499212419
1005004460268642
1005002284424213
1005004634990301
1005004135524436
1005004493580719
1005004452790408
1005005240584005
1005005449919671
1005002996591542
33043334732
32968992536
1005001839620955
1005005142650017
1005005121312959
1005004833032576
4000287948338
33047414413
1005004891489357
1005003008396905
32838797821
1005001709965761
1005004704237507
1005004562068685
1005005440002338
1005005009248476
33050883058
1005003939807420
1005004805375919
1005005292321324
1005004682871438
32964732062
4001264202879
32620662721
1005002645138650
1005004145366517
1005004605476414
1005004544844645
1005003930040421
1005004858263151
1005003557400693
1005003163884245
1005004941924260
4000020235029
1005004123178866
1005004616103156
1005001949122165
4000918965340
1005005270139598
1005003016643495
1005004878688133
1005005237374652
1005003599466791
1005005546212540
1005005209923330
1005003801249741
1005001357882703
1005003228310986
1005001659372485
32980710457
1005004988681474
1005005150527745
1005005265889941
1005004990686869
1005005306201933
1005004190076433
1005004633731627
32776216920
32976067268
33043926946
1005004974577802
32796610653
1005004794142274
1005003060228594
4000956502322
1005004778025128
1005004811085570
1005005179808092
1005004560087255
1005004174164114
1005005216922400
1005005682465226
1005004032502827
33007767041
33056436461
33056261531
32872723197
1005002357616047
1005004729261334
1005005368527218
1005004891975982
1005003692172716